3509517944222416 1857916052 1646508273 0.5
3509517944222416 1857916052 1646599194 0.5
3443757620219792 2732055990 1642421210 0.0
221101229955631555 1220291284 1642491404 0.5
221101229955631555 1220291284 1642514944 0.10000000149011612
3377236567017063 1649155730 1642361971 0.10000000149011612
3377236567017063 1649155730 1642394580 0.10000000149011612
3377236567017063 1649155730 1642546130 -0.4000000059604645
3377236567017063 1649155730 1642630014 -0.30000001192092896
3427912193913935 1651428902 1642503144 0.20000000298023224
3427912193913935 1651428902 1646541955 0.0
3504697396195494 1215031834 1642628452 -0.10000000149011612
3504697396195494 1215031834 1642821362 0.0
3504697396195494 1215031834 1646544727 0.20000000298023224
3469097025642875 1893801487 1642394302 0.10000000149011612
3374482754647035 2215768613 1642483781 0.8999999761581421
3479228550752713 1911006223 1642394201 0.0
3479228550752713 1911006223 1642487125 0.4000000059604645
3479228550752713 1911006223 1642570570 0.10000000149011612
3509462670824667 1618051664 1646573224 -0.5
3514165014455548 1639736860 1646539490 0.10000000149011612
3478717810819720 1242653161 1642467340 0.20000000298023224
3478717810819720 1242653161 1646581560 0.30000001192092896
3478717810819720 1242653161 1646620412 0.30000001192092896
3506429190879245 1582488432 1642362784 0.10000000149011612
3489969932962310 1722229702 1642375814 0.10000000149011612
2211102112130452332 1792378737 1642720985 0.10000000149011612
3494905471535230 1717173440 1646544175 0.10000000149011612
3476888439429569 1850988623 1642355622 0.6000000238418579
3476888439429569 1850988623 1642435704 -0.20000000298023224
3476888439429569 1850988623 1642465635 0.8999999761581421
3476888439429569 1850988623 1642498737 0.10000000149011612
3476888439429569 1850988623 1642521065 0.10000000149011612
3476888439429569 1850988623 1642524840 0.20000000298023224
3476888439429569 1850988623 1642551585 0.30000001192092896
3476888439429569 1850988623 1642561624 0.10000000149011612
3476888439429569 1850988623 1642579683 0.4000000059604645
3476888439429569 1850988623 1642628452 0.10000000149011612
3476888439429569 1850988623 1642626267 0.4000000059604645
3476888439429569 1850988623 1646531073 0.8999999761581421
3476888439429569 1850988623 1646618092 0.5
3417007980286321 1642088277 1642479640 0.0
3460580029988364 1841391791 1642379911 0.10000000149011612
3341971888443029 1952546897 1642355622 0.0
3341971888443029 1952546897 1642535225 0.20000000298023224
3508430272379629 1642720480 1642739913 0.699999988079071
3465173253883506 1807715644 1642614073 -0.699999988079071
201110322280234045 1842262067 1642521897 0.8999999761581421
201110322280234045 1842262067 1642598502 0.10000000149011612
3387040324409559 1761216793 1646508433 0.10000000149011612
3497529146752633 2927040120 1646585611 0.6000000238418579
3475263751298494 2258116103 1646520657 0.5
3475263751298494 2258116103 1646575431 0.5
3475263751298494 2258116103 1646595720 0.5
3371401157594625 2151002252 1642597932 0.0
3416968063329658 1642635773 1642619144 0.10000000149011612
3347345198673844 2119914935 1642496000 0.10000000149011612
3351842839019459 1070952141 1642518402 -0.4000000059604645
3351842839019459 1070952141 1642537211 0.6000000238418579
3351842839019459 1070952141 1642598502 0.6000000238418579
3438987648015932 1735618041 1642423927 0.30000001192092896
3502656242328173 2394069222 1642480600 0.5
3502656242328173 2394069222 1642487892 0.0
3502656242328173 2394069222 1642625720 -0.5
3490553910258004 1494848464 1642417947 -0.800000011920929
3490553910258004 1494848464 1642454411 0.0
3490553910258004 1494848464 1642498632 -0.10000000149011612
3490553910258004 1494848464 1642562577 0.5
3490553910258004 1494848464 1642629347 0.20000000298023224
3490553910258004 1494848464 1646519210 0.0
3420989323173455 1567852087 1642619767 0.10000000149011612
3340489042497060 1197186093 1642521443 0.4000000059604645
3340489042497060 1197186093 1642568785 0.0
3340489042497060 1197186093 1642627994 0.20000000298023224
3340489042497060 1197186093 1646605332 0.0
3390399236351634 1342829361 1642351191 0.10000000149011612
3361111723831227 1854743504 1642360863 0.4000000059604645
3358003399514245 1037650627 1642478444 0.0
3492693592151239 1374940000 1642477254 0.5
3492693592151239 1374940000 1642520257 0.30000001192092896
3447448389804762 2329792151 1642414443 0.5
3494297238130644 2431437733 1642739913 0.6000000238418579
3340961646130892 1864528464 1646592374 0.4000000059604645
3340961646130892 1864528464 1646592374 0.30000001192092896
3514402202541692 2139885703 1642572362 0.6000000238418579
3344810149164199 2162786422 1646548024 -0.20000000298023224
3457539770951910 1195230310 1642387907 0.800000011920929
3457539770951910 1195230310 1642405603 0.0
3456131668318304 1610536214 1642630543 0.699999988079071
2111101251564903 1642635773 1646571770 0.10000000149011612
3463205035102703 1740307742 1646510117 0.8999999761581421
3511843945531828 1173360372 1642514935 0.30000001192092896
3511843945531828 1173360372 1642744491 0.4000000059604645
3511843945531828 1173360372 1642792283 0.0
3435229807519422 2088547717 1642684381 0.0
3468175087920087 2081090132 1642422030 0.20000000298023224
3385004803882778 2136992580 1642609652 0.4000000059604645
3437991076366134 1036663592 1646531777 0.699999988079071
3500460100742006 1345625994 1646514243 0.10000000149011612
3500460100742006 1345625994 1646539490 0.6000000238418579
3500460100742006 1345625994 1646539490 0.8999999761581421
3500460100742006 1345625994 1646625757 0.6000000238418579
3452924640540257 1785370440 1646620362 0.10000000149011612
3341999535468712 1644572034 1642800952 0.8999999761581421
3516356168810838 1191258123 1642641357 0.0
3516356168810838 1191258123 1646617835 0.10000000149011612
3516356168810838 1191258123 1646623133 0.6000000238418579
3459704481247446 1310872334 1642840932 0.10000000149011612
3480679797326962 1897054331 1642369904 -0.20000000298023224
3468530404378312 1337970873 1646619865 0.5
3496031684095654 1267942177 1642365897 0.10000000149011612
3496031684095654 1267942177 1642394635 0.4000000059604645
3496031684095654 1267942177 1642435704 0.10000000149011612
3496031684095654 1267942177 1642488503 0.699999988079071
3496031684095654 1267942177 1642489001 0.4000000059604645
3496031684095654 1267942177 1642510807 0.10000000149011612
3496031684095654 1267942177 1642533507 0.20000000298023224
3496031684095654 1267942177 1642541111 0.6000000238418579
3496031684095654 1267942177 1642554193 -0.5
3496031684095654 1267942177 1642562212 0.5
3496031684095654 1267942177 1642571535 -0.5
3496031684095654 1267942177 1642691880 0.4000000059604645
3496031684095654 1267942177 1642714823 0.10000000149011612
3496031684095654 1267942177 1642715837 0.5
3496031684095654 1267942177 1646510117 0.10000000149011612
3496031684095654 1267942177 1646532395 0.6000000238418579
3496031684095654 1267942177 1646541955 0.10000000149011612
3496031684095654 1267942177 1646544175 0.5
3496031684095654 1267942177 1646623315 0.800000011920929
3453632865670468 1188552450 1642522310 0.10000000149011612
3453632865670468 1188552450 1642633271 0.30000001192092896
3452946115328563 2141100877 1642752180 0.4000000059604645
3343524657917666 1273358985 1642630023 0.800000011920929
3456035442438560 2607384040 1642746713 0.10000000149011612
3434738695940954 1647098431 1642627994 -0.800000011920929
3434738695940954 1647098431 1646547641 0.4000000059604645
3456768573487936 1713926427 1642554712 0.800000011920929
3425076198708213 1644572034 1642751923 0.800000011920929
3464347215128503 1644395354 1642379911 0.10000000149011612
3354303893521880 1907299322 1646566052 0.10000000149011612
3493010593784813 1805350260 1646616794 0.0
3465516193048639 1713926427 1642785431 0.30000001192092896
3486253876295705 1321897065 1642420854 0.10000000149011612
3486253876295705 1321897065 1642459975 0.0
3486253876295705 1321897065 1642500775 -0.20000000298023224
3486253876295705 1321897065 1642514944 0.0
3486253876295705 1321897065 1642586981 0.0
3486253876295705 1321897065 1646619447 0.699999988079071
3416335294105203 1702129054 1642464734 0.20000000298023224
3391678788687869 2327349002 1642612472 0.4000000059604645
3454766619541198 1854743504 1642554193 0.20000000298023224
3454766619541198 1854743504 1642783947 0.6000000238418579
3497053071801471 2162862983 1642493805 0.0
3497053071801471 2162862983 1642546305 0.0
3497053071801471 2162862983 1642792283 -0.10000000149011612
3497053071801471 2162862983 1646611660 0.20000000298023224
3497053071801471 2162862983 1646618934 -0.10000000149011612
3511308492007954 1197161814 1642394201 0.10000000149011612
3511308492007954 1197161814 1642556027 0.5
3511308492007954 1197161814 1642582331 0.0
3511308492007954 1197161814 1642633271 0.800000011920929
3511308492007954 1197161814 1642691880 -0.10000000149011612
3511308492007954 1197161814 1642710894 -0.10000000149011612
3338733559435644 1665955217 1642406447 0.10000000149011612
3495403057620614 2176254932 1642570870 0.4000000059604645
3408701023211195 1743629872 1642353473 0.10000000149011612
3408701023211195 1743629872 1642376540 0.20000000298023224
3408701023211195 1743629872 1642392540 0.30000001192092896
3408701023211195 1743629872 1642402533 0.30000001192092896
3408701023211195 1743629872 1642482582 0.20000000298023224
3408701023211195 1743629872 1642485104 0.30000001192092896
3408701023211195 1743629872 1642530451 0.10000000149011612
3408701023211195 1743629872 1642537163 0.4000000059604645
3408701023211195 1743629872 1642570463 0.20000000298023224
3408701023211195 1743629872 1642740294 0.20000000298023224
3408701023211195 1743629872 1646531777 0.10000000149011612
3408701023211195 1743629872 1646541955 0.0
3408701023211195 1743629872 1646541142 0.8999999761581421
3408701023211195 1743629872 1646542217 0.30000001192092896
3408701023211195 1743629872 1646542217 0.30000001192092896
3408701023211195 1743629872 1646556305 -0.4000000059604645
3408701023211195 1743629872 1646609567 0.699999988079071
3408701023211195 1743629872 1646599581 0.4000000059604645
3408701023211195 1743629872 1646613524 0.4000000059604645
3503672367257508 1562692595 1642628640 0.10000000149011612
3467629719243858 2412648380 1642739411 0.0
3410100993229872 1402998925 1646533713 -0.10000000149011612
3475356008522926 1713926427 1646590044 0.4000000059604645
3476867434270413 1689227821 1642470030 0.20000000298023224
3492373436935399 1750903687 1642734124 0.8999999761581421
3402268801937062 1444865141 1642339783 0.699999988079071
3402268801937062 1444865141 1642361674 0.800000011920929
3402268801937062 1444865141 1642550793 0.20000000298023224
3381106231818393 1674242970 1642811944 0.0
3381106231818393 1674242970 1646619865 -0.30000001192092896
3435542421487944 1851524785 1646531457 0.10000000149011612
3468079457122963 1893801487 1642476502 0.4000000059604645
3468079457122963 1893801487 1642586494 0.10000000149011612
3468079457122963 1893801487 1642570570 0.0
3376507391448776 1739928273 1642524037 0.8999999761581421
3459008649895781 1828380361 1642361674 0.10000000149011612
3459008649895781 1828380361 1642505890 0.30000001192092896
3459008649895781 1828380361 1642505890 0.20000000298023224
3434112793034823 1225419417 1646521092 0.0
3434112793034823 1225419417 1646599581 0.10000000149011612
3483057556669508 2254142164 1642709665 0.0
3362915174520672 2121609853 1642372643 -0.5
3436617161666273 2156491220 1646539387 0.30000001192092896
3490687159037562 1076911103 1642404974 0.10000000149011612
3490687159037562 1076911103 1642451110 -0.10000000149011612
3490687159037562 1076911103 1642477131 0.10000000149011612
3494040366702036 1721030600 1642467340 0.6000000238418579
3338968326425109 1750903687 1646607147 0.10000000149011612
3373566554450197 1992523932 1642475037 0.6000000238418579
3373566554450197 1992523932 1646562493 0.6000000238418579
3349157116987679 1660452532 1642812185 0.20000000298023224
3435500125890256 1713926427 1642467814 0.30000001192092896
3435500125890256 1713926427 1642517750 0.800000011920929
3428461517742372 1463073371 1642597212 0.10000000149011612
3427074360572416 1660209951 1642788405 0.5
3499704526814567 2803301701 1642477131 0.20000000298023224
3504310560724580 1992523932 1642751117 0.10000000149011612
3467977138034992 1700648435 1642586981 0.0
3515802521569502 1567852087 1642635773 0.4000000059604645
3402410208511808 1880644580 1646509661 -0.20000000298023224
3341906440749638 1191965271 1646531777 0.30000001192092896
3459689373401029 2231283485 1642357647 0.8999999761581421
3459689373401029 2231283485 1639075790 0.10000000149011612
3459689373401029 2231283485 1642507683 0.8999999761581421
3370866207073119 1513934187 1642410551 0.10000000149011612
3439462266899782 1911406070 1646599581 0.20000000298023224
3402387110440432 1644489953 1642620381 0.10000000149011612
3427505207743992 1645101450 1642530451 -0.10000000149011612
3427505207743992 1645101450 1642530451 0.699999988079071
3427505207743992 1645101450 1642555093 0.699999988079071
3360563801421482 1842262067 1642434891 0.10000000149011612
3391734857756348 1241148864 1646562493 0.10000000149011612
3495723163029931 1087475905 1642545824 0.6000000238418579
3495723163029931 1087475905 1642615277 0.0
3495723163029931 1087475905 1642711683 0.5
3434296125875237 1191258123 1642461530 0.0
3434296125875237 1191258123 1642530451 -0.699999988079071
3434296125875237 1191258123 1642529130 0.10000000149011612
3434296125875237 1191258123 1642554193 0.10000000149011612
3434296125875237 1191258123 1642706694 0.10000000149011612
3434296125875237 1191258123 1642809701 0.10000000149011612
3448401863457013 1618051664 1642641953 -0.10000000149011612
3362364255432265 1268560747 1646576753 0.10000000149011612
3455348700937292 2516136534 1642697871 0.4000000059604645
3496364439105238 2302787264 1642647707 0.10000000149011612
3509671183218640 1756667731 1642752180 0.800000011920929
3367083574370438 1145642397 1642478444 0.10000000149011612
3427421540059578 2249305260 1642496351 0.8999999761581421
3355458230142018 2338400761 1642480552 0.699999988079071
3379608059637599 1713066300 1642786205 0.8999999761581421
3379608059637599 1713066300 1642786205 0.30000001192092896
5624324318367449613 1854262562 1642774393 0.5
3490273105813970 1241305362 1642394201 0.5
3507191950512354 1420174783 1642755131 0.10000000149011612
3481946128726378 1660209951 1642394635 0.6000000238418579
3505840743369623 2049998295 1642801347 0.699999988079071
3366945976334652 1769867744 1642534025 0.6000000238418579
2011004217258919 1618051664 1642552780 0.20000000298023224
2011004217258919 1618051664 1646563521 0.5
3451318997555130 1642482194 1642612942 -0.6000000238418579
3484821432926326 1194329420 1642417297 0.10000000149011612
3515640482417404 1889213710 1642634671 0.10000000149011612
3515640482417404 1889213710 1646518715 0.8999999761581421
3415654487316487 1400200584 1642673565 0.6000000238418579
3357107282667338 1713926427 1646576753 -0.30000001192092896
3357107282667338 1713926427 1646576753 0.10000000149011612
3424731917554161 1266321801 1642808292 0.10000000149011612
3466962061376734 1231759973 1642840932 -0.4000000059604645
3370523432475589 2288577367 1642596277 0.5
3358379168467631 1675718025 1646528437 0.10000000149011612
3476164520098624 1505632533 1642487892 0.0
3487404495509709 1045946740 1642494992 0.30000001192092896
3492500209979130 1339403564 1642543241 0.0
3515304242404992 1713926427 1646619447 0.20000000298023224
3479208716074701 1866402485 1642531317 0.800000011920929
3479208716074701 1866402485 1642578613 0.699999988079071
3479208716074701 1866402485 1642654287 0.10000000149011612
3479208716074701 1866402485 1646538521 0.10000000149011612
3483823084109482 1266321801 1642543183 0.0
3386142462271410 1496908871 1642362784 -0.20000000298023224
3386142462271410 1496908871 1642571535 0.30000001192092896
3386142462271410 1496908871 1646558585 0.8999999761581421
3354188482442061 1830138345 1646608250 0.4000000059604645
2111103151355371 1657421782 1646605823 0.0
3390108491351704 1785254947 1642407160 0.20000000298023224
3492813922657929 1642351200 1642817072 0.20000000298023224
3492813922657929 1642351200 1646541142 0.4000000059604645
3492813922657929 1642351200 1646606533 0.4000000059604645
3409706440135770 1718767577 1642739411 0.20000000298023224
3465488120134290 2710739767 1646569721 0.10000000149011612
3426786912535481 2143579695 1642403121 0.10000000149011612
3467408062713007 1739928273 1642542553 0.30000001192092896
3467408062713007 1739928273 1642656812 -0.5
3467408062713007 1739928273 1642656812 -0.5
3467408062713007 1739928273 1642656812 0.4000000059604645
3359361038841302 2088984657 1646530325 0.6000000238418579
3358954746894977 1661550595 1642399182 0.0
3358954746894977 1661550595 1642461530 0.0
3358954746894977 1661550595 1642738630 0.0
3342796140897365 1660209951 1642486615 0.10000000149011612
3471240650476121 2256231983 1642447617 0.10000000149011612
3471240650476121 2256231983 1646514115 0.10000000149011612
3489397507120931 1663937380 1642493805 0.10000000149011612
3489397507120931 1663937380 1642498737 -0.10000000149011612
3489397507120931 1663937380 1642524181 0.10000000149011612
3489397507120931 1663937380 1642532322 0.10000000149011612
3489397507120931 1663937380 1642543241 -0.20000000298023224
3489397507120931 1663937380 1642653925 -0.800000011920929
3489397507120931 1663937380 1646522672 0.20000000298023224
3489397507120931 1663937380 1646538521 0.10000000149011612
3489397507120931 1663937380 1646607805 -0.30000001192092896
3494144234507677 1762698011 1642545512 0.30000001192092896
3514512587830230 1706536042 1642451110 0.0
3514512587830230 1706536042 1642462770 0.0
3514512587830230 1706536042 1642467501 0.30000001192092896
3514512587830230 1706536042 1642482780 -0.800000011920929
3514512587830230 1706536042 1642485104 0.5
3514512587830230 1706536042 1642538844 0.10000000149011612
3514512587830230 1706536042 1642555093 0.20000000298023224
3514512587830230 1706536042 1642562577 0.20000000298023224
3514512587830230 1706536042 1642595907 0.10000000149011612
3514512587830230 1706536042 1642597751 0.0
3514512587830230 1706536042 1642706694 0.10000000149011612
3514512587830230 1706536042 1642744723 0.30000001192092896
3514512587830230 1706536042 1642792283 0.20000000298023224
3514512587830230 1706536042 1642835915 0.5
3514512587830230 1706536042 1646571770 0.10000000149011612
3514512587830230 1706536042 1646628083 -0.4000000059604645
3514512587830230 1706536042 1646630520 0.30000001192092896
3470197241755424 1827652007 1642435704 0.10000000149011612
3470197241755424 1827652007 1642514935 0.10000000149011612
3470197241755424 1827652007 1642568344 0.20000000298023224
3470197241755424 1827652007 1642568344 0.10000000149011612
2111105091257063 1567852087 1642775505 0.0
3386160770540876 1874343692 1642339783 0.5
3386160770540876 1874343692 1642412131 0.8999999761581421
3386160770540876 1874343692 1642461182 -0.5
3386160770540876 1874343692 1642722074 -0.10000000149011612
3386160770540876 1874343692 1646514100 0.699999988079071
3386160770540876 1874343692 1646532395 -0.10000000149011612
3386160770540876 1874343692 1646604801 0.5
3515150441316853 1604363024 1642675407 0.699999988079071
3515076738986039 1682207150 1642477462 0.0
3515866690110201 2482557597 1642709665 0.30000001192092896
3449104355319262 1752656610 1642480552 -0.10000000149011612
2011102111747427381 1762719777 1642717383 0.20000000298023224
3412363371655292 1603208240 1642361971 0.10000000149011612
3412363371655292 1603208240 1642396717 0.10000000149011612
3412363371655292 1603208240 1642722074 0.0
3412363371655292 1603208240 1642740294 -0.10000000149011612
3412363371655292 1603208240 1642840932 0.0
3412363371655292 1603208240 1646541142 0.30000001192092896
3412363371655292 1603208240 1646573117 0.0
3412363371655292 1603208240 1646573117 0.30000001192092896
3412363371655292 1603208240 1646619112 0.0
3509970421494185 2089159711 1642762633 -0.5
3477127238568159 1464718422 1642464734 0.699999988079071
3507964159219567 1255849511 1642394201 0.4000000059604645
3507964159219567 1255849511 1642505890 0.10000000149011612
3507964159219567 1255849511 1642667882 0.10000000149011612
3435409033670542 1757353251 1642763213 0.0
3428652048224197 2606942864 1642381624 0.699999988079071
3468129647148720 1854743504 1642579683 0.6000000238418579
3448454292735628 1642763213 1642538700 -0.10000000149011612
3448454292735628 1642763213 1642624730 -0.20000000298023224
3502096068364277 1698229264 1642733654 0.20000000298023224
3470341932504691 1912512693 1642464797 0.30000001192092896
3425955043713949 2143579695 1642763760 0.800000011920929
3487864140193704 1926909715 1642750237 0.0
3487864140193704 1926909715 1646511847 -0.20000000298023224
3358765235913789 1756667731 1642355622 0.699999988079071
3358765235913789 1756667731 1646570915 0.699999988079071
5613245738147033149 1638781994 1642543600 0.4000000059604645
3514569408768027 1875931727 1646574900 0.4000000059604645
3500569186362056 1618051664 1646573224 -0.20000000298023224
3340141553145735 1801032277 1646612901 0.10000000149011612
3507850788196067 1858907320 1646533713 0.699999988079071
3502183750234156 1642482194 1642485104 0.20000000298023224
3473088110869625 1638781994 1642543183 0.30000001192092896
3473088110869625 1638781994 1642543183 0.6000000238418579
3473088110869625 1638781994 1646544175 0.6000000238418579
3473088110869625 1638781994 1646608250 0.20000000298023224
3516555272632401 1764222885 1646629750 0.5
3464305921897863 1695457081 1642818960 0.10000000149011612
3489586154502072 1916997175 1642361971 0.10000000149011612
3382621239753681 1896184263 1642701720 0.10000000149011612
3515123496850902 1655890975 1642662941 -0.30000001192092896
3459338888470027 1581391477 1642670670 0.30000001192092896
3423745353471055 1618051664 1642607155 0.10000000149011612
3398093682966668 1686436174 1642729367 0.10000000149011612
3383766947448571 1735373401 1642435704 0.5
3447737779547312 1854743504 1642507683 0.10000000149011612
3484537868871009 1618051664 1642614073 0.5
3488431097442472 2145494291 1642568344 -0.10000000149011612
3361282948679047 2066397264 1642758662 -0.10000000149011612
3502260384713645 1733376760 1642510807 0.0
3502260384713645 1733376760 1642625720 0.6000000238418579
3502260384713645 1733376760 1642633277 0.20000000298023224
3502418744742684 1764222885 1642775505 0.699999988079071
3454953089866047 2141853335 1642435704 0.10000000149011612
3339731819825467 1218987044 1642662225 0.8999999761581421
3471663154768653 2631108075 1642514752 -0.10000000149011612
3471663154768653 2631108075 1646532395 0.10000000149011612
3497410087019214 1298064414 1642710894 0.699999988079071
3428985322792314 1405603123 1642713715 0.30000001192092896
3379998784026591 1642591402 1642360172 0.10000000149011612
3496809416748426 1708853044 1642621651 0.6000000238418579
3355664929864001 1720084970 1642483781 0.10000000149011612
3470294780452730 1717675430 1642369904 0.8999999761581421
3470294780452730 1717675430 1642376540 0.30000001192092896
3470294780452730 1717675430 1642397321 0.5
3470294780452730 1717675430 1642397321 0.4000000059604645
3470294780452730 1717675430 1642397321 -0.10000000149011612
3470294780452730 1717675430 1642454411 0.6000000238418579
3470294780452730 1717675430 1642457743 -0.8999999761581421
3470294780452730 1717675430 1642468832 0.10000000149011612
3470294780452730 1717675430 1642470030 -0.30000001192092896
3470294780452730 1717675430 1642479640 0.4000000059604645
3470294780452730 1717675430 1642490724 0.20000000298023224
3470294780452730 1717675430 1642498737 0.4000000059604645
3470294780452730 1717675430 1642500775 0.20000000298023224
3470294780452730 1717675430 1642511512 0.5
3470294780452730 1717675430 1642305827 0.30000001192092896
3470294780452730 1717675430 1642541111 -0.10000000149011612
3470294780452730 1717675430 1642540914 -0.20000000298023224
3470294780452730 1717675430 1642566732 0.0
3470294780452730 1717675430 1642785670 0.30000001192092896
3470294780452730 1717675430 1642774114 0.0
3470294780452730 1717675430 1646575431 0.10000000149011612
3470294780452730 1717675430 1646606164 -0.20000000298023224
3470294780452730 1717675430 1646608250 0.0
3470294780452730 1717675430 1646628083 -0.30000001192092896
3454985352375934 1739928273 1642511512 -0.10000000149011612
3467997471608070 1029374230 1642555671 0.4000000059604645
3483540899472147 1618051664 1642783947 0.30000001192092896
3505487435961819 3056164325 1646514243 0.20000000298023224
3505487435961819 3056164325 1646546445 0.10000000149011612
3505487435961819 3056164325 1646616347 0.5
3431783242380343 1646560832 1646544175 0.8999999761581421
3431783242380343 1646560832 1646578611 0.6000000238418579
3431783242380343 1646560832 1646611272 0.6000000238418579
3483461606200336 1890443153 1646508273 0.30000001192092896
3496749505102547 1925411707 1642424922 -0.10000000149011612
3496749505102547 1925411707 1642498632 0.0
3496749505102547 1925411707 1646538521 0.4000000059604645
2011101161227192321 1644881682 1642654801 0.10000000149011612
3436205376768973 1756667731 1642365423 0.20000000298023224
3479760107967903 1407255042 1642485034 0.0
3479760107967903 1407255042 1642541402 -0.4000000059604645
3479760107967903 1407255042 1642541402 0.699999988079071
3511004552198289 1768198384 1642485034 0.10000000149011612
3511004552198289 1768198384 1642538700 -0.10000000149011612
3511004552198289 1768198384 1642654801 0.4000000059604645
3511004552198289 1768198384 1642770984 0.20000000298023224
5626814003699330433 1241679004 1642346443 0.5
3510374999558308 1644395354 1642537211 0.30000001192092896
3510374999558308 1644395354 1646542854 0.5
3411098886160849 2607667467 1642763760 0.10000000149011612
5603103237132847285 1628951200 1642624730 0.4000000059604645
5603103237132847285 1628951200 1646567664 0.10000000149011612
3493835491883484 1401415334 1642524037 0.10000000149011612
3506176974711582 2153657380 1646528645 0.5
3506176974711582 2153657380 1646528645 0.20000000298023224
3466310195436526 2096095141 1642840932 0.699999988079071
3418458983629401 1642635773 1642468713 0.10000000149011612
3421009170520772 2693119412 1646530325 0.5
3358436679319352 1642351997 1642351997 0.20000000298023224
2211101291498494191 1567852087 1642381922 0.8999999761581421
3436488639540437 1901122663 1642801053 0.10000000149011612
20110053128697373 1732701841 1646598343 0.0
3457236703683227 1245758104 1646546630 0.30000001192092896
3387200223648247 2299824385 1642559375 0.0
3473086034469830 1638781994 1642624462 0.0
3473086034469830 1638781994 1646593572 0.6000000238418579
3493859231639913 1759412397 1646610493 0.30000001192092896
3371442593138173 1785426024 1642498297 0.699999988079071
2111101301366731 1644574352 1642434891 0.30000001192092896
3340980115890336 2118483722 1642499435 0.0
3340980115890336 2118483722 1642528950 0.10000000149011612
3377030043607759 1299532580 1642441203 -0.30000001192092896
3460160058483098 1682214582 1642387671 0.6000000238418579
3460160058483098 1682214582 1642455501 0.10000000149011612
3446861685811796 1618051664 1642774114 -0.10000000149011612
3371710541815956 1724367710 1642504465 0.6000000238418579
3371710541815956 1724367710 1646562493 0.5
3371710541815956 1724367710 1646562493 0.5
3502272103532606 1713926427 1642663324 0.5
3517108903846808 1265020392 1642663780 0.30000001192092896
3486678947940538 2057384454 1642598502 0.4000000059604645
3385002685749364 1653255165 1642561691 0.8999999761581421
3385002685749364 1653255165 1642597212 0.800000011920929
3385002685749364 1653255165 1642803682 -0.20000000298023224
3477606685124460 2212020265 1642481983 0.30000001192092896
3509289383786101 1700648435 1642473643 0.10000000149011612
3509289383786101 1700648435 1642715837 0.10000000149011612
3436107343413320 1649378025 1642461530 0.0
1090916145 1646239802 1646536291 0.20000000298023224
1090916145 1646239802 1646558012 0.10000000149011612
1090916145 1646239802 1646595720 -0.10000000149011612
1090916145 1646239802 1646605601 0.10000000149011612
1090916145 1646239802 1646613977 0.800000011920929
3372738829950986 1525631241 1642758354 -0.5
3469968399949800 2539961154 1642584275 0.10000000149011612
3387625354626682 1821898647 1642478444 0.4000000059604645
3406392604128761 1404411345 1642530451 0.10000000149011612
3382868078371929 2369377994 1642786205 0.10000000149011612
3490273629973477 1747613957 1642369904 0.0
3490273629973477 1747613957 1642482130 -0.20000000298023224
3490273629973477 1747613957 1642521065 0.10000000149011612
3490273629973477 1747613957 1642630330 -0.10000000149011612
3490273629973477 1747613957 1642681725 -0.20000000298023224
3490273629973477 1747613957 1642691880 -0.10000000149011612
3490273629973477 1747613957 1642809117 0.0
3490273629973477 1747613957 1646519210 -0.20000000298023224
3490273629973477 1747613957 1646617835 0.10000000149011612
3396461672995472 1342829361 1642435704 0.30000001192092896
3396461672995472 1342829361 1642758354 0.10000000149011612
3338803251869883 1195031270 1642364483 0.10000000149011612
3417794114797238 2723838314 1646552560 0.20000000298023224
3417794114797238 2723838314 1646611272 0.800000011920929
3457267162825959 1603010492 1642376540 0.6000000238418579
3457267162825959 1603010492 1642407160 0.6000000238418579
3457267162825959 1603010492 1642770984 0.30000001192092896
3457267162825959 1603010492 1646608630 0.699999988079071
3457267162825959 1603010492 1646613977 0.5
5622781158262334007 1989660417 1642361674 -0.10000000149011612
5622781158262334007 1989660417 1642362784 0.800000011920929
5622781158262334007 1989660417 1642563791 0.800000011920929
3485480631313536 2883965414 1642459975 0.0
3485480631313536 2883965414 1642529460 0.10000000149011612
3485480631313536 2883965414 1642549611 0.30000001192092896
3485480631313536 2883965414 1642672961 0.20000000298023224
3485480631313536 2883965414 1646569721 0.6000000238418579
3509800736056212 1660646684 1642625720 0.10000000149011612
3509800736056212 1660646684 1642823395 0.5
3441197224066574 2611542635 1642395783 0.5
3441197224066574 2611542635 1642466631 0.10000000149011612
3441197224066574 2611542635 1642481983 0.4000000059604645
3441197224066574 2611542635 1642534172 0.30000001192092896
3441197224066574 2611542635 1642574504 0.0
3441197224066574 2611542635 1642678670 0.800000011920929
3441197224066574 2611542635 1646532363 0.8999999761581421
2111107054306931 1644395354 1646611660 0.4000000059604645
3457303351481783 2261027315 1642489001 0.4000000059604645
3457303351481783 2261027315 1642633131 0.30000001192092896
3457303351481783 2261027315 1642688201 0.699999988079071
3457303351481783 2261027315 1646623315 -0.5
3347042301036134 1764208435 1642668220 0.30000001192092896
3485833439112619 1671526850 1642746713 0.8999999761581421
3505060099423368 1729736051 1646618092 0.10000000149011612
3451647906728088 1618051664 1642447617 0.699999988079071
5622904037266089142 1878940924 1642720865 0.10000000149011612
3406408903413244 1670424754 1642373734 0.699999988079071
3406408903413244 1670424754 1642465090 0.4000000059604645
3406408903413244 1670424754 1646620230 0.699999988079071
3501780967388949 1647491057 1642465635 0.800000011920929
3470329194678294 2356542214 1642369072 0.0
3470329194678294 2356542214 1642586494 0.20000000298023224
3426303825043388 1816011541 1642421210 -0.6000000238418579
3426303825043388 1816011541 1642435704 -0.5
3426303825043388 1816011541 1642582707 0.699999988079071
3500821297686747 1252373132 1646618092 -0.5
3336584028227050 1821898647 1646587182 0.0
3477434273939657 2259661342 1642393173 0.699999988079071
3501314812139001 1045529987 1646522672 0.4000000059604645
3511904502527714 1784473157 1642385340 0.6000000238418579
3511904502527714 1784473157 1642556027 -0.10000000149011612
3511904502527714 1784473157 1642824170 -0.30000001192092896
3511904502527714 1784473157 1646608250 0.0
3458731486552977 1908195982 1642369904 0.10000000149011612
3458731486552977 1908195982 1642514752 0.5
3458731486552977 1908195982 1642545341 0.20000000298023224
3458731486552977 1908195982 1646529865 0.10000000149011612
3458731486552977 1908195982 1646620230 0.6000000238418579
3504976904968702 1922219715 1642715837 0.20000000298023224
3504976904968702 1922219715 1646541142 0.20000000298023224
3371052155543372 1906604475 1642361971 0.10000000149011612
3456788936193651 1717871843 1642361674 0.20000000298023224
3456788936193651 1717871843 1642369904 0.30000001192092896
3456788936193651 1717871843 1642417947 0.30000001192092896
3456788936193651 1717871843 1642454411 0.10000000149011612
3456788936193651 1717871843 1642487065 -0.8999999761581421
3456788936193651 1717871843 1642496580 0.5
3456788936193651 1717871843 1642514935 0.10000000149011612
3456788936193651 1717871843 1642527297 0.10000000149011612
3456788936193651 1717871843 1642549611 0.6000000238418579
3456788936193651 1717871843 1642553277 0.10000000149011612
3456788936193651 1717871843 1642561624 0.0
3456788936193651 1717871843 1642561624 0.30000001192092896
3456788936193651 1717871843 1642562212 0.4000000059604645
3456788936193651 1717871843 1642598502 0.6000000238418579
3456788936193651 1717871843 1642680274 0.20000000298023224
3456788936193651 1717871843 1642774114 -0.4000000059604645
3456788936193651 1717871843 1646618934 0.5
3445188355334537 2256231983 1642559694 0.8999999761581421
3336150051863279 1750903687 1642346443 0.4000000059604645
3472556332083431 2508868000 1642429390 0.5
3439383057471347 2318754072 1642631035 0.20000000298023224
3487901155584554 1729736051 1642442471 -0.800000011920929
3487901155584554 1729736051 1642442471 0.10000000149011612
3487901155584554 1729736051 1642819361 0.0
3454147548547057 1890826225 1642392540 -0.699999988079071
3504026161709039 2528800602 1642562212 0.6000000238418579
3504026161709039 2528800602 1646617835 0.4000000059604645
3384403042949824 2023791210 1642508385 0.10000000149011612
3489418684095934 1713926427 1646546630 0.10000000149011612
3468380675433549 1581391477 1642670670 0.10000000149011612
3354877791099919 1029374230 1642560955 0.5
3354877791099919 1029374230 1642560955 0.10000000149011612
3354877791099919 1029374230 1642560955 0.5
3354877791099919 1029374230 1642560955 0.10000000149011612
3354877791099919 1029374230 1642629347 0.4000000059604645
3403854358269880 1673558200 1646541955 0.0
3436836531551297 1217209464 1642744663 0.0
3455830340965281 1671526850 1646620412 0.10000000149011612
3485095338175893 1610456500 1642492063 -0.5
3454753600113518 1618051664 1642633271 0.6000000238418579
3454753600113518 1618051664 1642680274 -0.800000011920929
3427882392843212 1642482194 1642529130 -0.10000000149011612
3427882392843212 1642482194 1642558095 0.800000011920929
3427882392843212 1642482194 1642555671 0.0
3427882392843212 1642482194 1646522672 0.10000000149011612
3445869787787273 1945139410 1642564690 -0.10000000149011612
3445869787787273 1945139410 1642714913 0.6000000238418579
20110072736443250 1296241304 1642561575 0.0
20110072736443250 1296241304 1642561575 0.10000000149011612
3490280261185514 2753322363 1642829700 0.10000000149011612
3342033951495460 1642088277 1642470960 0.8999999761581421
3342033951495460 1642088277 1642470960 -0.30000001192092896
201110327393778418 1642351200 1642421743 0.0
3406238920796966 1764222885 1642769561 0.4000000059604645
3509344463728555 1803603140 1642457743 0.20000000298023224
3509344463728555 1803603140 1642463377 0.20000000298023224
3509344463728555 1803603140 1642500981 0.8999999761581421
3509344463728555 1803603140 1642510807 -0.6000000238418579
3509344463728555 1803603140 1642545715 -0.10000000149011612
3509344463728555 1803603140 1642554845 0.0
3509344463728555 1803603140 1642641357 -0.5
3509344463728555 1803603140 1642632101 0.8999999761581421
3509344463728555 1803603140 1642744491 0.0
3509344463728555 1803603140 1642749707 0.10000000149011612
3509344463728555 1803603140 1646547260 0.5
3486731129379087 2089735680 1642701720 0.10000000149011612
3385397025522094 1762436132 1642663780 0.800000011920929
3385397025522094 1762436132 1646587182 0.10000000149011612
3393525053506386 2092902070 1642467431 0.0
3446379210542650 1476952867 1642369904 0.30000001192092896
3512592583056258 1222713954 1642542352 0.4000000059604645
3389134842533267 2305049812 1642769561 0.10000000149011612
3389134842533267 2305049812 1642833644 0.10000000149011612
3429936746593041 2268291041 1642550793 0.0
3350829274732966 1859691352 1642683583 0.10000000149011612
3436669301086412 1764222885 1642496351 0.10000000149011612
3393817187200018 1987543647 1642466631 0.800000011920929
3393817187200018 1987543647 1642487125 0.6000000238418579
3393817187200018 1987543647 1642586494 0.4000000059604645
3393817187200018 1987543647 1642586494 0.10000000149011612
3492798474824639 1771269093 1642562082 0.10000000149011612
3492798474824639 1771269093 1642722074 0.699999988079071
3492798474824639 1771269093 1642823622 -0.30000001192092896
3492798474824639 1771269093 1646625845 0.6000000238418579
3473275205804206 2291424952 1642821963 0.10000000149011612
3515151040854613 2723838314 1646546445 0.10000000149011612
3515151040854613 2723838314 1646539490 0.6000000238418579
3515151040854613 2723838314 1646599194 0.10000000149011612
3475616910892785 1741492434 1646608630 0.4000000059604645
3427863569377008 1644572034 1642522174 0.20000000298023224
3455757669941552 1282005885 1642447617 -0.20000000298023224
3455757669941552 1282005885 1646617835 0.10000000149011612
3510985224687679 1768198384 1642633277 -0.4000000059604645
3481165287879458 1983021004 1642557593 -0.30000001192092896
3462210217296928 2165839394 1642740294 0.6000000238418579
3400638253985281 1238726334 1642348053 0.4000000059604645
3400638253985281 1238726334 1642465090 0.0
3400638253985281 1238726334 1642478444 0.30000001192092896
3400638253985281 1238726334 1642566732 0.30000001192092896
201110418396541802 1780417033 1642820927 0.10000000149011612
201101224875909440 1644395354 1642487125 0.10000000149011612
201101224875909440 1644395354 1642594960 0.10000000149011612
3392647315670243 2156045842 1642504664 0.8999999761581421
3392647315670243 2156045842 1642554283 -0.4000000059604645
3352819897817865 1705944687 1642387671 0.10000000149011612
3492256306356625 1618051664 1642751117 0.8999999761581421
3506232503606380 1974302977 1642501275 0.4000000059604645
3421592573342502 1816011541 1646576753 0.30000001192092896
5626821356683814133 1172958617 1642634671 -0.4000000059604645
3514571152834661 1717851677 1642619144 0.30000001192092896
3436251069962647 1294053670 1642670670 0.10000000149011612
3441321655842296 1673450172 1646562111 0.6000000238418579
3473617524415619 1713926427 1642514935 0.0
3473617524415619 1713926427 1642553924 0.0
3473617524415619 1713926427 1642751117 -0.10000000149011612
3473617524415619 1713926427 1646556540 0.800000011920929
3473617524415619 1713926427 1646617835 0.10000000149011612
3465064671864201 1742566624 1642710894 0.4000000059604645
3485100283501174 1958831182 1642774114 0.20000000298023224
2111103192699593 1644572034 1646554544 0.10000000149011612
3463650054206317 1195818302 1642495112 0.10000000149011612
3463650054206317 1195818302 1642542352 0.10000000149011612
3463650054206317 1195818302 1646607147 -0.5
3433671845663489 2702813261 1642663324 0.20000000298023224
3457533090212187 1615743184 1646514115 0.800000011920929
3344453910421601 2162528012 1642812185 -0.10000000149011612
3498996788439345 1713926427 1642451110 0.20000000298023224
3498996788439345 1713926427 1646577990 0.20000000298023224
3448043044928051 1878923963 1642467340 0.8999999761581421
3472820421988479 2178690247 1642568855 0.4000000059604645
3492991878799885 1764222885 1646621462 0.30000001192092896
3468900174201978 1877701575 1642819361 0.8999999761581421
3435518140031340 1211995380 1642541990 0.20000000298023224
3435518140031340 1211995380 1642729367 0.10000000149011612
3437314284310065 1778455640 1642725237 0.10000000149011612
3479675151754236 2202387347 1646620362 0.10000000149011612
3458035680973839 1191965271 1646620130 -0.5
5610113096371963973 1642088277 1642517660 0.10000000149011612
20110051013255300 1653689003 1642491834 -0.4000000059604645
20110051013255300 1653689003 1642517474 0.10000000149011612
3392280210167065 1794998604 1642472603 0.6000000238418579
3451362975450868 1400399985 1642361971 0.5
3437390163491015 2651426323 1642424785 0.4000000059604645
3510221198724984 1026994251 1642498632 0.699999988079071
3494257854148917 2803301701 1642621651 0.0
3494257854148917 2803301701 1646564603 0.30000001192092896
3494257854148917 2803301701 1646606533 0.30000001192092896
5613608465326748651 1765647943 1646606344 0.0
3453531459985337 2092751083 1642669531 -0.4000000059604645
3367419781806833 2165372481 1642528787 -0.4000000059604645
3367419781806833 2165372481 1642574504 0.0
3367419781806833 2165372481 1642632462 0.0
3445887831582952 1653460650 1642555671 -0.800000011920929
3369526479678913 1642512402 1646509661 0.10000000149011612
3432678068271469 1871721375 1642823014 0.30000001192092896
3515318758288716 1646275113 1646514243 0.20000000298023224
3515318758288716 1646275113 1646544175 0.0
3515318758288716 1646275113 1646587783 0.6000000238418579
3515318758288716 1646275113 1646616347 0.10000000149011612
3505234498496978 2103206685 1642421210 0.5
3409455276727057 1069205631 1642376540 0.0
3385817068598450 1660209951 1642415335 0.4000000059604645
3488743317404772 1703856060 1642468713 -0.10000000149011612
3488743317404772 1703856060 1642523607 -0.800000011920929
3488743317404772 1703856060 1642628452 -0.10000000149011612
3350797426943776 1660209951 1642693244 -0.20000000298023224
3494123472511830 2301361872 1642489001 0.4000000059604645
3446958905831586 1191258123 1642435704 0.20000000298023224
3446958905831586 1191258123 1642505603 0.10000000149011612
3446958905831586 1191258123 1642498737 0.30000001192092896
3446958905831586 1191258123 1642562082 0.30000001192092896
3446958905831586 1191258123 1642561624 0.20000000298023224
3446958905831586 1191258123 1642706694 0.10000000149011612
3446958905831586 1191258123 1646625107 -0.5
3446958905831586 1191258123 1646625107 0.800000011920929
3489390694859868 1242751760 1642461530 0.20000000298023224
3489390694859868 1242751760 1642477254 0.5
3489390694859868 1242751760 1642482582 0.0
3489390694859868 1242751760 1642528787 0.0
3489390694859868 1242751760 1642722074 0.5
3487261943366932 2925141777 1642412143 0.6000000238418579
3500993708619768 1642088277 1642545824 0.6000000238418579
3412349110990569 1642635773 1642620381 0.4000000059604645
3502152846669049 1886419032 1642809701 0.10000000149011612
5616024272590481385 1843443790 1642570463 0.20000000298023224
3510245282149252 1781955854 1646590044 0.30000001192092896
3450433169387089 1858907320 1642707922 0.699999988079071
3371002132261797 1195403385 1642420854 0.4000000059604645
3429224209715856 1828237954 1642498737 0.0
3496101204701384 1745618853 1642361680 0.10000000149011612
3496101204701384 1745618853 1642489001 0.0
3496101204701384 1745618853 1642541111 0.0
3496101204701384 1745618853 1642591592 0.699999988079071
3496101204701384 1745618853 1642686540 0.10000000149011612
3496101204701384 1745618853 1646604801 0.10000000149011612
3409526223016519 1763582395 1642786205 -0.20000000298023224
3339889640290262 1930409882 1646605161 -0.800000011920929
3390250481268755 1791139250 1642715234 0.0
3422757671224611 1832444080 1642811494 0.10000000149011612
3385728249763834 1660209951 1642672961 -0.6000000238418579
3454159066033351 1311740084 1642554283 0.10000000149011612
3417787432796783 1237064237 1642469155 0.8999999761581421
3417787432796783 1237064237 1642490724 0.30000001192092896
3417787432796783 1237064237 1642517660 0.0
3417787432796783 1237064237 1642537163 0.10000000149011612
3417787432796783 1237064237 1642680274 0.0
3417787432796783 1237064237 1646599581 0.4000000059604645
3367999991484832 1749073777 1642584695 0.8999999761581421
3466377593899428 1713926427 1646612901 0.30000001192092896
3513087363973687 2676787355 1646512623 0.5
3513087363973687 2676787355 1646514115 0.10000000149011612
3513087363973687 2676787355 1646514243 -0.5
3513087363973687 2676787355 1646520657 0.0
3513087363973687 2676787355 1646520657 -0.30000001192092896
3513087363973687 2676787355 1646520657 0.10000000149011612
3513087363973687 2676787355 1646520657 -0.4000000059604645
3513087363973687 2676787355 1646520657 0.4000000059604645
3513087363973687 2676787355 1646520657 -0.5
3513087363973687 2676787355 1646520657 0.10000000149011612
3513087363973687 2676787355 1646520657 0.10000000149011612
3513087363973687 2676787355 1646520657 0.0
3513087363973687 2676787355 1646520657 0.30000001192092896
3513087363973687 2676787355 1646520657 -0.20000000298023224
3513087363973687 2676787355 1646520657 -0.4000000059604645
3513087363973687 2676787355 1646520657 0.0
3513087363973687 2676787355 1646520657 0.0
3513087363973687 2676787355 1646520657 0.0
3513087363973687 2676787355 1646520657 0.0
3513087363973687 2676787355 1646520657 0.20000000298023224
3513087363973687 2676787355 1646520657 0.10000000149011612
3513087363973687 2676787355 1646520657 -0.8999999761581421
3513087363973687 2676787355 1646520657 -0.30000001192092896
3513087363973687 2676787355 1646520657 -0.10000000149011612
3513087363973687 2676787355 1646520657 -0.20000000298023224
3513087363973687 2676787355 1646520657 0.20000000298023224
3513087363973687 2676787355 1646520657 0.4000000059604645
3513087363973687 2676787355 1646520657 -0.8999999761581421
3513087363973687 2676787355 1646520657 0.30000001192092896
3513087363973687 2676787355 1646520657 0.0
3513087363973687 2676787355 1646520657 0.30000001192092896
3513087363973687 2676787355 1646520657 0.4000000059604645
3513087363973687 2676787355 1646520657 0.20000000298023224
3513087363973687 2676787355 1646520657 0.4000000059604645
3513087363973687 2676787355 1646520657 0.30000001192092896
3513087363973687 2676787355 1646520657 0.30000001192092896
3513087363973687 2676787355 1646520657 0.4000000059604645
3513087363973687 2676787355 1646520657 0.20000000298023224
3513087363973687 2676787355 1646520657 0.0
3513087363973687 2676787355 1646520657 0.30000001192092896
3513087363973687 2676787355 1646520657 0.0
3513087363973687 2676787355 1646520657 0.20000000298023224
3513087363973687 2676787355 1646520657 0.5
3513087363973687 2676787355 1646520657 0.4000000059604645
3513087363973687 2676787355 1646520657 0.0
3513087363973687 2676787355 1646520657 0.0
3513087363973687 2676787355 1646520657 0.0
